12 0.864 0.6093333333333333 0.068 0.15733333333333333
12 0.736 0.608 0.112 0.19733333333333333
0 0.603 0.624 0.126 0.3253333333333333
0 0.275 0.5893333333333333 0.066 0.26666666666666666
0 0.318 0.5213333333333333 0.052000000000000005 0.14133333333333334
0 0.361 0.5253333333333333 0.054 0.12266666666666666
0 0.39 0.5293333333333333 0.028 0.10933333333333332
0 0.493 0.5226666666666666 0.046 0.12266666666666666
0 0.539 0.5106666666666666 0.058 0.12
12 0.5 0.66 0.17200000000000001 0.248
12 0.34600000000000003 0.6946666666666667 0.184 0.2906666666666667
12 0.18 0.696 0.116 0.29333333333333333
0 0.441 0.5746666666666667 0.066 0.24266666666666667
