0 0.657 0.5386666666666666 0.23 0.17066666666666666
0 0.623 0.5599999999999999 0.066 0.112
0 0.462 0.5493333333333333 0.1 0.16
0 0.32 0.656 0.152 0.448
0 0.9570000000000001 0.6786666666666666 0.08600000000000001 0.22666666666666666
0 0.9380000000000001 0.5546666666666666 0.124 0.18666666666666665
15 0.803 0.8626666666666667 0.202 0.27466666666666667
15 0.618 0.8186666666666667 0.176 0.304
15 0.47500000000000003 0.8466666666666667 0.194 0.30666666666666664
0 0.8270000000000001 0.7293333333333333 0.222 0.45599999999999996
