0 0.839 0.47897897897897895 0.058 0.2012012012012012
0 0.71 0.6456456456456456 0.052000000000000005 0.3843843843843844
0 0.667 0.7027027027027027 0.066 0.3843843843843844
0 0.526 0.7117117117117117 0.092 0.39039039039039036
0 0.598 0.6831831831831832 0.08 0.4294294294294294
11 0.198 0.5495495495495496 0.10400000000000001 0.1021021021021021
11 0.255 0.5330330330330331 0.062 0.07507507507507508
11 0.34 0.5135135135135135 0.04 0.04804804804804805
11 0.265 0.5195195195195195 0.062 0.08408408408408408
0 0.467 0.6606606606606606 0.058 0.39039039039039036
