6 0.856 0.48933333333333334 0.068 0.06133333333333333
6 0.402 0.5346666666666666 0.07200000000000001 0.07733333333333334
6 0.466 0.6 0.108 0.128
6 0.7020000000000001 0.6133333333333333 0.12 0.14933333333333332
6 0.765 0.6306666666666666 0.058 0.104
6 0.302 0.5573333333333333 0.052000000000000005 0.064
6 0.833 0.6186666666666667 0.05 0.08
6 0.132 0.624 0.096 0.112
6 0.59 0.6186666666666667 0.052000000000000005 0.08533333333333333
6 0.517 0.6786666666666666 0.074 0.06133333333333333
6 0.281 0.6839999999999999 0.066 0.09333333333333332
6 0.369 0.6466666666666666 0.094 0.14666666666666667
6 0.874 0.5986666666666667 0.06 0.13599999999999998
