0 0.838 0.6666666666666666 0.052000000000000005 0.11411411411411411
0 0.876 0.3858858858858859 0.044 0.11711711711711711
0 0.898 0.5015015015015015 0.20400000000000001 0.996996996996997
0 0.779 0.581081081081081 0.17 0.8378378378378378
0 0.62 0.5765765765765766 0.152 0.8468468468468469
0 0.54 0.6096096096096096 0.164 0.5045045045045045
0 0.486 0.6726726726726726 0.308 0.6546546546546547
0 0.329 0.6681681681681682 0.17400000000000002 0.6636636636636637
0 0.263 0.5555555555555556 0.15 0.5045045045045045
0 0.222 0.44144144144144143 0.1 0.3843843843843844
0 0.126 0.3288288288288288 0.044 0.08108108108108109
0 0.152 0.56006006006006 0.064 0.47147147147147145
0 0.101 0.5540540540540541 0.098 0.5315315315315315
0 0.036000000000000004 0.5630630630630631 0.068 0.5315315315315315
