0 0.799 0.7893333333333333 0.254 0.42133333333333334
15 0.9560000000000001 0.9239999999999999 0.088 0.152
15 0.18 0.84 0.06 0.32
0 0.307 0.576 0.154 0.30933333333333335
0 0.145 0.5653333333333334 0.122 0.5173333333333333
0 0.382 0.5559999999999999 0.116 0.296
0 0.6920000000000001 0.6653333333333333 0.212 0.3973333333333333
0 0.649 0.5333333333333333 0.146 0.20266666666666666
0 0.649 0.4613333333333333 0.05 0.16
0 0.418 0.46266666666666667 0.068 0.15733333333333333
0 0.618 0.48133333333333334 0.052000000000000005 0.17333333333333334
0 0.404 0.36266666666666664 0.06 0.10133333333333333
0 0.612 0.38 0.036000000000000004 0.04533333333333333
0 0.592 0.4013333333333333 0.036000000000000004 0.13066666666666665
0 0.5640000000000001 0.376 0.02 0.09066666666666666
15 0.93 0.8466666666666667 0.08 0.30666666666666664
0 0.466 0.384 0.02 0.042666666666666665
0 0.443 0.37866666666666665 0.034 0.032
0 0.353 0.7666666666666666 0.302 0.4666666666666667
