0 0.857 0.20666666666666667 0.158 0.408
0 0.783 0.12533333333333332 0.074 0.24533333333333332
15 0.7030000000000001 0.32666666666666666 0.17 0.16266666666666665
15 0.875 0.7626666666666666 0.25 0.4533333333333333
15 0.403 0.732 0.43 0.536
15 0.131 0.7146666666666667 0.258 0.5706666666666667
0 0.266 0.19066666666666665 0.12 0.37066666666666664
0 0.20700000000000002 0.06799999999999999 0.05 0.13066666666666665
0 0.051000000000000004 0.23199999999999998 0.098 0.368
15 0.419 0.30666666666666664 0.14200000000000002 0.16
