15 0.547 0.7933333333333333 0.258 0.41333333333333333
15 0.603 0.5786666666666667 0.10200000000000001 0.14933333333333332
15 0.449 0.5586666666666666 0.078 0.12
15 0.184 0.5733333333333334 0.1 0.112
15 0.14300000000000002 0.7893333333333333 0.222 0.42133333333333334
15 0.242 0.8026666666666666 0.276 0.39466666666666667
15 0.082 0.5386666666666666 0.056 0.10666666666666666
15 0.015 0.5573333333333333 0.026000000000000002 0.10666666666666666
14 0.71 0.19066666666666665 0.032 0.10933333333333332
14 0.6930000000000001 0.192 0.026000000000000002 0.10133333333333333
14 0.678 0.19733333333333333 0.024 0.10133333333333333
