15 0.545 0.8373333333333333 0.17 0.3253333333333333
15 0.223 0.8293333333333333 0.25 0.3413333333333333
0 0.8320000000000001 0.7133333333333333 0.256 0.5733333333333334
0 0.745 0.536 0.134 0.192
0 0.626 0.508 0.128 0.19999999999999998
0 0.454 0.5146666666666666 0.12 0.17066666666666666
0 0.28400000000000003 0.532 0.152 0.16266666666666665
0 0.179 0.7133333333333333 0.202 0.5093333333333333
15 0.20400000000000001 0.42666666666666664 0.084 0.14933333333333332
15 0.181 0.5346666666666666 0.066 0.12
15 0.105 0.8853333333333333 0.114 0.22933333333333333
15 0.038 0.6413333333333333 0.07200000000000001 0.216
0 0.046 0.7773333333333333 0.088 0.4453333333333333
