6 0.2573333333333333 0.761 0.312 0.158
6 0.33199999999999996 0.659 0.14666666666666667 0.066
6 0.6 0.63 0.128 0.064
6 0.768 0.624 0.112 0.08
6 0.892 0.597 0.14133333333333334 0.066
6 0.712 0.609 0.10133333333333333 0.054
6 0.6466666666666666 0.608 0.04 0.044
6 0.7546666666666666 0.545 0.042666666666666665 0.018000000000000002
6 0.38266666666666665 0.584 0.018666666666666665 0.02
6 0.03866666666666667 0.631 0.034666666666666665 0.018000000000000002
6 0.4933333333333333 0.584 0.03733333333333333 0.012
6 0.5333333333333333 0.5650000000000001 0.026666666666666665 0.022
6 0.5866666666666667 0.5630000000000001 0.042666666666666665 0.022
6 0.44666666666666666 0.56 0.034666666666666665 0.02
6 0.31466666666666665 0.5760000000000001 0.021333333333333333 0.02
6 0.16533333333333333 0.582 0.026666666666666665 0.016
