15 0.704 0.8053333333333333 0.24 0.3893333333333333
0 0.636 0.5133333333333333 0.176 0.27999999999999997
0 0.34700000000000003 0.6813333333333333 0.222 0.6
0 0.169 0.432 0.082 0.26666666666666666
0 0.23600000000000002 0.4453333333333333 0.048 0.11733333333333333
0 0.547 0.424 0.058 0.09066666666666666
15 0.281 0.7826666666666666 0.274 0.43466666666666665
15 0.9480000000000001 0.8293333333333333 0.10400000000000001 0.3413333333333333
15 0.965 0.5866666666666667 0.07 0.144
15 0.05 0.5106666666666666 0.052000000000000005 0.14133333333333334
15 0.106 0.5 0.052000000000000005 0.13066666666666665
14 0.54 0.5386666666666666 0.04 0.16
14 0.494 0.488 0.02 0.064
