14 0.481 0.8039999999999999 0.09 0.248
15 0.614 0.27066666666666667 0.084 0.14133333333333334
15 0.71 0.352 0.156 0.26666666666666666
15 0.7030000000000001 0.39066666666666666 0.14200000000000002 0.2906666666666667
15 0.231 0.6093333333333333 0.106 0.17333333333333334
15 0.353 0.5439999999999999 0.066 0.18133333333333332
0 0.191 0.2853333333333333 0.23 0.3893333333333333
0 0.395 0.16533333333333333 0.138 0.18133333333333332
0 0.362 0.33599999999999997 0.20400000000000001 0.4373333333333333
0 0.675 0.26 0.126 0.34933333333333333
0 0.165 0.6773333333333333 0.326 0.6453333333333333
0 0.496 0.4026666666666667 0.28 0.45866666666666667
0 0.874 0.412 0.252 0.47733333333333333
