15 0.5 0.6989247311827957 0.252 0.6021505376344086
15 0.5760000000000001 0.4731182795698925 0.112 0.1827956989247312
15 0.684 0.44354838709677424 0.088 0.15591397849462366
15 0.769 0.42876344086021506 0.07 0.12634408602150538
15 0.8300000000000001 0.8010752688172044 0.34 0.39784946236559143
15 0.903 0.8629032258064517 0.194 0.2741935483870968
15 0.195 0.41935483870967744 0.054 0.25268817204301075
15 0.271 0.4395161290322581 0.13 0.28763440860215056
15 0.371 0.45430107526881724 0.122 0.2741935483870968
15 0.48 0.3575268817204301 0.068 0.10215053763440861
15 0.551 0.3467741935483871 0.07 0.0913978494623656
